1002
359
-24
-1274
-929
-1269
-574
-1736
1419
-1866
1941
1349
-2010
-1695
-14
1755
-841
-1027
1870
-98
1231
708
-635
-1605
1022
1307
-231
-1376
-1072
1557
1981
1513
-1529
488
-228
-1822
1092
105
268
644
-1986
1750
-358
-1900
940
-244
200
1407
856
1624
644
1981
1056
563
693
1624
-647
1251
-1063
-1211
-1958
-1945
-1497
-163
502
431
1427
125
1364
-1400
209
1446
754
-994
-1424
404
-1601
156
-1689
-46
127
-555
-1483
1163
-1299
1854
-588
851
394
393
1752
-781
-89
-573
160
142
1648
-385
313
-1971
145
1277
-1090
1420
-699
164
-630
-732
1606
1750
134
-143
-69
1408
1904
1240
-730
-398
1384
656
727
1454
-535
-2030
1738
-1777
1633
329
65
795
-342
1499
323
1954
345
-1670
319
1011
-1682
-620
-1052
-1764
1581
173
884
572
704
852
464
1349
612
1798
-192
-2018
-350
1856
585
128
155
-1852
2000
214
-1357
1887
-378
0
922
1653
-781
1653
50
1078
1366
1753
1312
-1016
1651
1062
1435
14
1145
948
89
-449
344
1345
2038
231
1930
1832
4
1823
1698
-1786
980
-730
-841
-1321
-1964
-1818
992
766
1538
-1309
1812
288
1127
-87
-677
42
-1041
-1547
1719
1450
-101
-1589
502
-1865
-1106
164
-410
1647
597
-264
-1833
1665
-1081
792
-252
-609
-1353
-528
140
-1975
668
-667
182
1040
-1842
-1808
-2013
-1674
1426
-1964
428
1161
1695
-1842
-1622
1716
-38
217
664
1935
971
-310
-350
1840
-1809
-1464
-1819
4
-802
-750
1520
624
719
781
-382
96
1628
-539
927
-1282
2012
1107
1922
172
898
377
567
1443
100
1061
1361
-736
164
-1396
-549
1402
2020
601
-102
1392
-1721
403
260
1153
-1537
-2001
-1304
1248
487
1729
-1271
255
-240
644
1268
-1307
-638
-1389
-2008
1932
140
-282
-346
-890
1695
1305
876
465
-774
795
-1102
1662
1098
1039
-1479
488
924
1934
2
2038
640
1904
-1691
640
-32
-947
705
-521
1656
1251
-972
929
-928
182
-236
1923
1668
-1592
1251
-980
1449
1523
-1405
-1406
-592
1002
1781
2041
1203
1023
-1766
288
765
-1784
-1254
-1332
-1800
-1677
1847
-2011
-914
1231
1238
-70
-1474
-524
264
1461
1432
1487
483
-635
-1494
-149
-82
256
534
220
-1240
1905
-671
457
1051
623
885
840
-148
750
1135
-1635
1965
1183
-1277
-1084
-58
-1579
-932
-1736
-1444
-504
-217
482
1448
354
-293
-1883
1696
-1216
-889
1128
-1365
-525
-1458
54
807
526
-1339
1579
-1546
-1210
-1700
-560
-1527
1303
-767
439
878
405
576
-807
-564
61
1527
-1125
-1904
-174
1494
-1817
1044
1457
2021
-1180
-1314
-124
1594
781
-510
957
-2039
851
1067
1258
-713
497
1584
-1234
-558
-326
122
459
-1463
1136
-890
-394
1501
-256
390
1122
105
-237
1929
392
132
-147
1044
21
-1152
-1000
921
597
1054
1935
-284
-1207
1399
1602
1952
504
-1277
1120
845
-1558
795
1621
1949
1697
1321
13
1953
-848
141
-1235
-815
-471
1422
119
804
-768
1405
1174
-1136
-1723
814
1122
966
-633
-1785
-1815
-292
1930
1475
1879
1414
1927
-707
-738
408
-1009
1584
1067
904
-808
-1418
2002
-643
681
-1384
-445
-1319
1660
559
1747
1955
-497
1563
-1667
1755
-2021
440
-162
747
1642
1127
-1834
-127
-23
-899
282
-31
215
-1845
-1103
256
-1152
1537
968
625
1888
-1775
475
1397
-1738
928
1934
1357
-1583
-1007
-455
-2039
-451
-545
3
747
-233
996
28
-1586
-1676
-1663
478
-947
-136
-1072
-1182
102
-1321
72
-1173
1374
-168
463
1823
1598
1965
366
-115
-217
699
1014
-1243
1153
877
435
-1127
1917
384
-1708
1026
-323
1331
829
-66
1691
1083
-355
1520
-1992
526
-748
562
570
458
-365
1595
-1293
989
-1461
1289
-395
1433
-513
891
-1946
1269
-1811
1717
1102
1684
874
1132
-1062
-1949
129
1348
1533
1735
658
1412
1666
1762
-1955
-959
-1845
946
882
-724
-699
-1892
1398
1352
-853
-178
-745
-342
33
865
-2005
858
-1638
-1608
-1010
971
871
1494
359
196
-1398
920
-875
1324
636
1813
1997
1995
-488
316
111
-1738
1127
803
1099
-504
1250
1609
-1931
454
-1530
-1016
-379
-1439
1434
571
-1607
160
-537
1941
224
-565
-322
1407
1668
-1428
-530
494
-945
1711
-514
1867
747
113
1673
-865
945
1792
1382
1055
-755
-1765
1972
640
1797
1274
1574
-778
271
-261
-1135
-1973
1580
-349
-1783
-217
206
-340
1720
443
876
2019
-864
-772
1834
-1206
-1452
918
-602
-1164
296
-270
-229
410
-72
-1486
-1490
1606
-1515
1448
1625
502
1497
-832
1634
1494
-703
1162
985
-1840
-1950
1362
-1806
255
2024
-739
-1578
-527
-1947
1408
-1355
918
322
761
-1126
621
-282
-63
-153
1207
707
146
-256
1346
242
-656
1515
-77
-471
1157
405
1696
-642
-1646
-1965
1973
-1769
-73
-1675
490
-806
-1991
894
-473
1660
-1011
-1591
1638
-1543
671
-362
931
1445
998
779
1690
-698
-10
-1533
-1089
-275
579
1775
1628
324
727
-451
-1186
1573
904
2034
-114
-1843
889
570
-1574
-1333
-240
-857
1417
-254
-380
397
-834
-587
335
-338
-181
-1800
151
-1486
1598
1186
-312
-672
44
261
1681
-1520
-408
874
1929
-987
1911
973
-1422
1071
-282
710
899
1146
-376
1773
1258
1430
-1640
-784
-145
947
-599
358
-1087
474
445
2000
620
-938
-86
-596
1200
-166
-25
1274
1125
823
-994
-659
1320
-1225
-1918
-197
-767
75
63
1799
1687
-785
-733
-536
857
-1259
-354
1198
1919
433
125
1504
1635
-1330
-676
-708
298
1887
1291
58
1534
579
-1221
-336
-1510
-198
-415
-360
1199
-157
833
624
-744
60
-721
1332
-1502
1635
1823
806
-751
315
-509
683
-456
191
-1991
-938
-641
665
676
-678
1262
1982
1885
-1125
1945
-69
-458
-389
727
714
843
-1114
1080
36
-1045
763
584
348
-584
221
590
81
-1904
-1548
324
-1874
-219
-76
558
-1488
1696
-1841
8
-761
358
1191
-653
1353
1329
-724
-1965
-297
-1844
1532
917
1718
355
1129
1357
858
1012
1819
834
-1888
-1372
228
1088
275
-1418
1452
-1974
379
396
1245
1488
2004
509
-1963
1607
781
-1655
-1250
-2032
-875
599
1835
-2034
-1795
1285
1336
291
219
-1
1514
-1126
-223
1150
1943
697
-519
1387
1967
734
1933
19
-1255
-504
-1075
798
1166
300
-1986
996
-914
149
-1188
-448
-1853
-700
-1942
1820
301
434
-765
1538
1416
35
1447
1441
-1391
-1901
-1438
1978
-1077
-1908
-1877
1150
-555
799
-1042
-1644
-1974
-1257
415
-1799
-1436
1413
577
1016
-1628
1828
1128
-1453
1429
-1444
-1261
452
2032
-1953
-934
1608
1081
-1149
-1577
-252
1565
-789
-63
56
-1606
-1080
-993
-399
1255
-1948
-1257
747
1264
-1769
417
-595
-107
-1177
-1061
-723
714
-140
-14
18
-1445
2022
809
240
-401
1180
-1564
-1965
-1424
-1498
2041
-695
1841
1118
680
-1887
-47
-426
268
-1296
1077
1423
1176
430
-1866
-1278
-370
915
-589
-53
938
-1972
1714
-2038
-1180
-1069
1007
-1589
918
-1626
-616
-1430
-462
2002
-1027
-1918
-1609
1620
991
-868
519
680
-1541
1751
647
-1016
-771
-1099
-315
78
313
-475
745
1495
1320
304
-1759
616
492
1860
-765
-1174
1802
360
624
1951
-870
-899
212
1683
750
1730
28
-572
814
998
143
2022
-67
393
693
-382
-37
-1346
126
440
-606
1138
1230
-276
-1666
-1752
-1350
504
606
1504
-1670
-1644
-550
1750
-393
689
1872
-566
625
-1178
-1675
-1969
789
-1739
294
-1968
1546
-1232
1306
-826
1753
-1034
-1730
1291
-844
976
290
1238
338
1822
186
-1262
-452
-1745
1622
-1582
363
1996
1365
-1654
1730
-73
1168
-588
-189
1531
-62
-744
-1185
-327
1799
-1049
-1644
1317
981
478
1630
1360
1612
666
1766
915
-1431
-1468
859
-1517
-9
-803
620
88
-826
586
733
-675
-1029
1364
-895
1
-1550
1982
-578
1632
1981
-1599
1756
2035
-634
-267
57
734
-298
1800
1170
-1920
68
-954
1203
383
-1689
1571
1425
-622
-1437
-1476
1568
-263
-1971
391
1531
-462
-139
1129
553
-568
1760
-1174
-1769
661
-997
-258
764
172
-1409
-874
2036
-1801
-689
748
-1842
-41
1952
1033
-1063
262
-1683
1771
-1278
175
1231
-200
-984
1577
739
-766
-1767
-1942
799
748
-1990
79
-862
-815
819
302
1140
-764
1199
893
-2020
663
609
-1514
1899
1702
1177
1554
1306
-1317
-1917
-1628
249
-154
1587
1463
-1227
690
-20
-1244
-1098
-1838
-1177
757
1247
1257
703
-362
1234
-1294
1510
-1141
1115
-1110
484
852
-297
-1716
-227
-1178
-1498
-284
956
1392
487
169
920
-937
1330
1909
639
1457
485
1422
-1440
-916
1241
-271
591
1101
541
-1196
-62
765
1116
1033
1783
1618
-324
-1029
-1023
-907
-1991
-1069
349
-580
995
-1865
-625
1197
1290
1929
-863
-974
-1405
-1255
-245
-2014
-1973
1836
745
-1909
704
-267
233
936
-1401
170
495
-277
1086
-782
-305
-1269
891
979
1824
924
-1055
-560
-1905
-488
1982
753
-1140
151
-157
-427
1773
1174
-2009
-2028
1892
1458
-359
-1033
1034
-1841
-1319
-251
1363
913
-1454
548
-145
-1856
1557
-1025
-678
-1739
-1795
82
1494
1562
1198
1782
-141
-959
238
163
1206
-803
-991
953
1515
1015
101
1872
342
-1895
-913
-362
1887
-285
-1234
701
-1106
119
421
1483
103
-1252
1535
1075
1258
493
-236
1964
-774
-1695
1940
-1701
433
527
-985
-669
-1669
705
1879
-426
-2
-601
-1278
-1437
896
-1774
471
158
-1862
-21
196
-1885
578
-1555
-1308
-1409
1290
2035
1921
-1682
-329
-882
1361
-188
-177
1243
476
752
863
570
-1908
40
1970
132
-1950
628
-1064
371
-1117
476
1187
281
-1912
-1208
-1034
959
-447
-1325
1727
-1723
-662
-1451
1714
-452
1833
548
-1888
-257
-1495
1650
-832
-822
127
1860
562
301
-516
1377
-1353
2043
-1625
-1462
2016
985
-1539
-658
-230
-594
1761
-791
-686
-1251
147
-1079
-17
1085
1708
1078
985
-832
1698
1948
-2034
149
1190
769
-844
140
-424
-1595
1057
1727
584
1254
1737
1866
940
299
1884
-692
-704
526
74
111
675
-1032
-43
-1207
-1160
937
983
1654
-218
-694
656
-1786
1241
263
-1675
-1543
1686
1974
1875
-1168
699
-653
790
862
799
1150
-1021
558
-779
-338
-772
862
-1891
-171
1990
105
-851
1060
-1643
-1520
833
-264
1509
-1988
-802
1749
306
-840
-8
613
55
215
121
-1568
-668
593
1618
-1331
348
-149
1610
956
2035
-329
-939
-1509
1692
-1390
638
-1976
1450
1146
-1082
-431
-1669
154
1503
-1208
1203
1407
335
380
-1811
-1940
-1334
980
1711
-1484
-702
1629
-1452
1296
-70
-1963
-374
1907
-509
-1591
-1506
1036
1959
-1243
-1567
-1214
-969
162
1034
-441
2043
7
-452
2039
145
-1360
-1216
948
-966
565
478
1628
-1183
488
-1568
-1611
1885
793
-1966
1604
1461
-344
126
1033
-1295
-1591
-1387
1524
1111
-1946
-721
158
-1097
-1249
786
-1996
1098
-1223
565
-541
-984
663
1331
253
-1761
-1533
1163
995
1155
975
-1882
259
1240
1348
-1549
-2026
166
-843
78
1977
422
-335
-312
962
-1153
100
1283
1072
1314
345
-1145
1341
54
711
-1063
-882
1381
1706
504
941
-1761
-817
32
1079
1968
-8
-1514
-617
1062
354
-1735
-1854
219
-822
1677
-1518
1324
-1264
989
-667
-162
1500
-1765
1201
-548
-1460
1874
-684
1820
1224
-424
-991
844
-893
-475
-867
1757
89
-1669
-1191
-1703
963
-1379
-56
-152
1433
1935
1444
-1143
1830
-272
555
1109
1424
651
-696
-1072
988
277
744
-347
-85
-1042
-824
-292
1775
593
149
-1828
206
1828
-1276
-470
1979
616
-1120
-774
-205
-1110
475
1983
-1266
1674
1878
-1017
-1330
1705
-93
919
1773
-1042
435
1875
-1405
1166
-1233
1724
-202
-498
-1604
891
-510
-1518
667
-998
683
-1870
-859
-775
-949
1288
-817
-1296
246
-631
418
1662
1770
-776
1420
775
296
1418
-919
-1786
-1557
-1238
-930
1682
257
1531
-430
-652
94
677
-502
-1619
1250
293
-445
-2039
1468
-74
214
-103
114
-1343
-198
-656
-1070
1828
-1174
-580
-20
-2039
-630
-1658
-667
-712
-417
-983
-1502
906
-1333
-55
1439
-957
-1903
-1036
815
-863
117
-634
1041
770
-499
-1232
2020
-1396
311
1438
1382
668
-1603
-359
-1586
-1190
234
-480
-1830
1095
439
-1807
1007
1637
-1206
1891
-1468
-330
1615
-2036
82
-1382
326
1287
-1803
793
964
-116
1545
74
1316
112
800
-1545
-346
-1711
-2022
1752
-722
-741
-489
1917
750
907
-791
1530
1309
1669
779
-61
-561
1177
1666
-1363
1614
-27
-1867
630
-1512
-908
882
2011
-388
-668
372
1661
1896
-1058
83
712
-704
-202
1616
-752
1033
-1720
532
765
72
1608
1667
1181
361
-1196
240
-486
1588
-1367
971
871
-1193
279
-1015
1830
32
-1137
864
434
-1561
9
-584
-1594
-1566
301
-1112
-1085
1547
-106
-1891
-1819
247
-2011
1662
882
-1822
-1422
1344
-1726
559
-356
90
-1649
-619
-620
-1910
-112
1513
-1242
-1043
1734
-486
-794
-1353
-1452
798
1334
665
-910
629
1432
1845
-157
263
1891
-1640
1240
-1325
1594
-750
1318
-125
833
934
-1188
-986
1130
-2035
-129
-482
-266
1951
1053
1952
-1970
-1416
-1960
-1578
1154
916
-1141
1225
1434
-73
-1032
-1659
-1350
1191
1376
1592
-1404
-139
244
256
-39
-1122
919
278
-1006
-1665
991
747
-534
1553
-815
-198
-1944
599
-357
-1744
189
1126
-1395
1030
1683
-1913
859
-983
1446
1113
1801
-1035
-986
-1419
882
141
-805
-1964
733
-327
93
1313
-1627
1016
1154
857
-1496
-962
1316
879
71
36
1419
455
393
-979
-605
1568
-1259
-803
-1520
1689
711
-1989
-1397
-878
-881
-1893
1400
1408
278
-1765
1049
1555
-198
-42
1633
409
-736
-474
-1594
1033
-1424
-1278
-1518
-1833
168
1973
-110
1183
-1311
-1222
-1618
1051
-1535
-987
289
-444
1748
-602
-1755
1033
-252
-123
627
964
1557
-640
-65
629
-24
1546
1613
-1749
1405
-807
613
149
416
-1758
599
301
-442
-1017
1941
-1574
-2035
1834
-1812
-1158
-1794
1980
-764
884
1972
1542
137
-1155
1072
1508
1771
158
1890
36
273
8
1737
-1773
290
882
-1728
1125
-361
910
1548
694
-1601
659
949
166
-1556
-745
1877
-1023
-644
-1165
527
-278
-289
-1575
1410
-667
-550
-1720
1189
-696
-2001
1941
522
-797
-1830
-1856
-1825
-1918
280
1948
-1596
-1294
-1425
83
189
328
-842
631
1371
1559
-85
1365
585
1075
-1306
1101
-630
-696
911
1450
1656
-919
776
-1540
-1321
-1842
-621
-460
-17
-1814
-938
1736
-1740
518
-1585
1509
340
-857
-1048
-1294
1830
450
746
1436
-1170
303
121
683
-1853
-693
1459
1164
-1321
1049
980
1554
1577
-1500
1623
367
-650
1811
-1554
410
-529
122
-160
98
1947
-1356
1446
-183
757
1094
591
1386
214
-1052
-1182
-1900
-465
-746
515
948
105
-1008
-1774
-1802
-1050
1157
-341
-1668
391
-1030
-980
-1742
-823
892
-1153
163
1837
319
-725
-1214
678
1533
1576
-1014
1973
-366
-1842
-258
212
-575
2008
-1676
-2025
1687
-253
1898
-1976
-1178
-2041
66
-305
396
-122
-1856
1877
1643
-1822
1228
1681
-644
-980
1806
1340
-1072
1406
-1943
-1906
319
-1829
-579
315
-1197
-1622
-483
1641
-1498
317
1910
-650
-1152
-1182
-998
-1019
-959
-991
-238
-653
-936
-485
456
195
-649
1137
226
94
175
1941
-1376
175
815
14
1269
-274
1599
-383
1422
1325
-1340
-991
-1579
1269
1120
-1360
-1732
1399
1158
1859
-2035
-328
-1668
-234
-824
1713
-1633
338
1629
466
-220
1389
-658
965
1123
-1828
1703
-1544
-785
906
-1871
1241
927
-430
878
306
485
601
839
-374
82
1258
1572
-1020
-829
-357
1213
191
-450
-1748
-482
261
-1344
-1214
-74
-693
-228
1308
40
1126
1326
-626
-280
-487
135
-1467
1775
-263
1464
-1332
-310
813
-879
-1738
-1038
-1800
-1719
-53
-1042
64
1279
-286
304
131
-1628
-1532
-505
521
340
-101
929
976
1475
-1434
1958
838
1890
1972
-460
1780
211
-1564
685
-1684
1710
-1554
1426
-650
-44
1953
343
250
-398
874
1186
-130
-511
-1820
-1008
419
1613
-633
407
713
-32
653
1000
501
445
1326
972
-196
-769
1150
459
727
1563
12
586
1830
-1952
-389
-1461
-1366
-1158
1858
753
-1208
-105
1738
-469
-2036
4
-4
608
616
-1888
-1380
-85
1127
1596
-1659
-887
-831
1613
-8
1118
-475
1474
-1739
-531
-1291
-1136
387
-1066
630
1756
-1034
1426
213
1331
-1054
728
-251
177
1409
-81
-1078
655
1212
-1166
788
554
1360
229
1240
1194
924
395
-1907
-625
-1743
-1437
1671
-965
1099
1106
-890
-314
1425
-395
-445
-457
-1275
-960
-87
1102
-1139
-505
390
1838
574
1480
1570
745
1150
1693
-318
1350
-1473
-1828
-159
-1048
-1159
-1746
466
227
569
1251
-666
-457
-966
377
1095
-1015
845
-1619
992
-1512
-10
1604
323
105
1283
1221
1774
-128
-61
-1502
1301
1062
927
-1091
391
-202
1198
1255
132
-705
16
-1298
-1123
1682
-622
-515
1988
-1115
403
275
2028
-513
645
-222
1313
535
269
-127
392
525
-487
-2029
1877
1435
1543
1800
246
-160
1055
-1342
914
-1107
-658
-1634
288
-1760
-431
-1970
826
-236
486
-1903
-1058
573
1647
1697
1350
898
-522
1945
1581
343
1608
1741
-1179
-57
-78
-896
1079
1865
1347
1021
-1355
1723
1606
868
-801
121
-1100
819
-1970
1773
271
-28
1297
-1847
976
-1107
-1699
-1820
-1935
698
-1323
-1474
106
-22
-251
1045
-1961
-955
2023
-421
316
-132
1504
686
1136
897
1072
-1499
-764
-1678
319
-1059
-490
-1545
-61
-814
-1743
1909
-1524
-802
974
1039
-861
-1729
1879
-1617
-1695
-1847
678
-413
54
499
87
-1232
1750
1776
280
1908
1129
-4
1299
1845
638
-2030
-1096
1621
119
-947
-769
1805
642
-1526
-1155
1484
367
1014
-1473
155
-895
617
-558
-947
-1435
-264
-1139
-607
661
1951
1605
-1912
1097
446
963
946
-1001
208
495
-1348
1419
361
-229
1243
498
1127
1147
687
-1717
676
-498
233
1746
-680
1790
-1442
-442
-1210
-514
-141
734
-249
92
1347
1414
-374
1916
-1398
-1228
-16
-139
-895
-1872
-998
-1458
538
-752
749
-270
-134
-17
-1626
-250
6
1191
1849
-1325
338
-61
-196
1654
1243
1973
1821
-102
-1274
1609
-425
-333
1359
-1111
-688
-1224
-1493
95
-1141
1478
93
-114
-1795
1940
1137
-431
750
561
1558
434
-1906
1767
2003
84
-197
-1804
1835
-1818
784
-1642
-154
685
-1152
-1692
1306
-1687
-1951
1503
1249
369
1959
1702
-1264
-599
-30
-1727
1770
-1005
1949
1762
1910
-1398
-491
-1189
-1039
138
1308
19
-438
1906
-1866
-1340
-1592
1597
-963
-1383
-1040
522
415
-1190
-1542
139
-1374
372
238
1431
95
-417
698
267
-1686
-1987
-454
-478
617
-965
-869
385
-1599
-346
-1490
-208
-1518
2030
-810
-642
-987
-1560
1610
1609
1053
1086
-921
934
-1441
-1115
-617
286
-990
637
957
1733
-985
-349
933
-167
1905
791
812
1645
-387
289
-915
-2005
-293
-58
0
1884
1452
1260
1186
-1149
-265
1902
-439
911
520
-750
752
1785
1859
963
-167
-1535
-181
332
-1601
1642
-31
122
-789
1555
1706
-212
431
-1996
-523
-953
-1791
1731
-1107
213
1249
-717
-298
-1151
-1433
-668
-1140
388
709
-910
467
1137
-522
-986
1897
1976
1205
634
-1863
-665
1146
-947
292
-750
-1224
1120
1776
1105
1360
1034
723
-1067
-1045
-388
1907
-1982
-599
1043
-1779
-1484
-1998
1735
329
-924
1158
1240
1975
-1228
1149
-1269
714
-806
-1168
-1151
445
-694
-1956
652
-1132
-735
953
-387
-1224
-343
-235
-1115
-739
-1985
163
484
-401
-198
290
-822
-1521
-1393
-507
880
-1144
-1968
-454
382
-967
-691
953
-466
-1329
505
7
-1326
-1717
-1082
-570
-553
-1593
-484
-591
-1133
-474
-1474
272
-1554
-1317
287
2021
-1982
-1799
1665
1260
116
-59
105
1472
673
-1550
-1484
-1731
-1946
1702
-401
-1468
-1781
691
1710
326
970
464
-892
-1403
335
-905
704
-1198
-1641
560
-1444
-869
1915
-817
493
-824
-227
-893
-1231
1832
-2015
304
-643
-1226
-1718
285
-1886
-1623
-424
-1761
1830
-1576
-643
-378
-1216
1355
-629
1794
-635
1000
-1506
1683
200
-329
-304
-57
-1513
-1120
-297
-404
-2025
57
-1529
261
272
1488
-880
257
-1354
1255
669
1540
-1326
-1449
1280
-910
-967
1085
18
847
-258
263
526
486
1839
1670
-1521
258
-1700
903
-828
77
-37
-1550
69
-1077
84
-1117
-1023
419
1144
76
1538
1172
1322
1640
738
766
868
-637
-1702
1775
1501
1025
1742
-185
-311
-334
-498
-489
-1860
-995
1330
1172
1543
516
1074
168
-1624
-225
247
-940
-794
1844
622
-1240
271
-1023
-98
-516
-1978
186
-1035
261
-877
721
-493
1169
-1874
-591
-1493
-894
331
-1027
1324
-309
-1418
1121
515
1305
-30
-986
1505
476
925
1431
-755
1218
562
-818
1310
1805
1887
128
-484
959
-1342
409
-161
-1049
1895
-171
-1601
820
-577
590
-1046
-745
-1342
1196
-1453
-409
-1064
377
1983
1036
626
386
1992
-1375
1698
1994
72
-192
975
-1054
-1238
-546
1738
-989
1422
-735
109
-440
1449
1039
-1055
67
-943
448
980
1981
920
-1244
-552
-1460
1958
-208
-292
1175
726
-602
-1973
701
622
-1928
-1870
2016
1306
1067
1869
-165
79
1879
-611
-631
1487
1373
-488
655
-382
-847
871
-727
-1095
-842
-211
1961
-963
909
-1154
1426
-470
-25
-404
939
728
-262
-1359
-1791
1552
-1270
1184
728
1439
-1430
-321
491
661
-1185
-794
-1297
331
1256
-1669
-1869
-1679
208
922
-1518
823
-270
-1625
453
-1289
-472
-216
-1434
63
747
-1662
-849
462
-33
-1450
601
850
106
-1273
-1118
1632
439
-1943
-1629
-1099
527
-1578
-1062
-537
-1286
-1309
-1312
740
1568
-1328
1686
-714
-1700
247
-1536
591
464
357
725
1848
678
-1864
1856
141
1842
659
-87
-226
1285
-1578
1778
-402
1509
-624
-172
1568
-513
569
1499
-1115
-412
541
-1272
-732
33
-974
598
-1239
10
-856
1878
473
-148
1612
537
-185
-1573
-14
350
-72
-941
1279
-844
1377
1484
1160
-882
-884
1408
1496
693
-1691
1786
1503
-1749
-1855
-1972
-893
-1647
-1829
601
1308
-1140
-1189
1985
347
1043
-566
-1486
-1644
-1035
415
657
-1578
-71
-1746
1093
1772
1831
-1423
-143
623
-382
1321
687
273
1963
1353
-1962
630
1426
1769
1884
1446
-65
-758
-940
349
-1911
-1996
-1459
853
-1039
1607
44
1497
-1693
155
-1425
1712
1661
-1663
1417
1701
1335
1675
320
1236
850
199
237
1264
1426
-46
275
-1102
-841
343
1617
-1907
-395
-1549
1532
7
-1870
-1880
1140
1459
272
559
387
279
-223
1354
1752
1185
-1218
1332
-1806
-1540
-1929
894
1648
691
-1144
-391
-422
-1871
-722
1367
259
1367
510
-180
-938
729
-531
-333
-207
1694
1457
1434
-925
41
-939
-823
313
898
1752
-1440
-1
635
-889
376
-1428
982
1451
-67
1129
932
1877
-1470
823
1006
1521
1747
-1756
237
1324
-1304
-1519
2033
1846
1348
261
-961
-1640
973
-1321
228
-1603
602
1576
-1281
1930
-1022
1298
-1198
-2037
1004
-1950
-1379
1626
1771
-1836
-71
-700
756
-395
715
-168
-573
564
-862
25
-57
518
-649
-992
1174
-1114
601
-1412
-503
-465
-943
-604
808
-302
-1933
1513
76
-1865
1065
986
-1706
-956
1239
1161
-1176
-489
1514
-475
1858
429
-839
-296
-1684
-2015
-705
-937
320
1774
1779
-491
1115
1864
-786
-1916
1854
-1600
-1948
-1182
143
1727
241
363
-2022
7
426
-1143
-326
787
-470
-604
-1936
-1797
1758
-136
-590
-1114
1993
-161
1352
1226
-1856
362
990
1718
634
245
-1444
-1247
1961
1734
-1952
56
-737
539
1016
-2001
-1974
-348
971
-1222
1873
-579
1225
-1912
