681
873
53
-1345
-1094
-354
-809
-248
1177
1608
1439
-44
358
1460
-1437
1229
-836
727
-135
491
-770
836
-825
1663
104
929
-1083
1224
916
105
-409
1678
550
-1378
1154
-101
-682
-220
360
-1376
-4
880
-172
-1704
994
1599
-1418
-902
2032
-266
-1728
1087
761
620
921
1575
-1330
-35
1727
158
832
1143
-150
331
1264
142
-13
-344
1855
1221
1085
402
1398
-1484
240
1936
657
1009
1978
621
-1162
1263
1642
1501
831
164
621
-17
362
-1708
-408
1234
1360
-1383
939
726
-268
-1300
1325
-226
-1913
-1337
-610
2006
-1901
1047
1648
1196
68
-1839
370
-1536
1462
-1276
-1379
-72
1465
1423
976
-1957
1276
1991
-1965
245
1059
736
360
-316
1670
985
547
-1274
1871
137
-1087
-1563
1176
-1406
-1935
1280
1095
1638
1583
-419
600
670
1901
-946
1072
955
-1270
-1233
-1843
-1635
-1665
-632
-1706
-1095
234
-189
-1547
1911
1415
-841
1637
1827
-1961
-1490
554
1059
427
1174
-25
848
-1699
26
-90
1519
523
1325
-55
1565
-1649
-1803
-2007
319
-1072
-1668
826
-185
534
677
1257
351
1105
-932
-1365
-304
-510
-342
-845
662
1164
1192
995
-1875
-1870
683
1046
1370
-1890
127
1665
-620
1166
1135
-1038
707
907
1967
-1427
257
483
-1820
1544
-1503
-192
-656
155
1130
-549
-429
2019
-63
155
-1756
1541
-94
449
-1563
976
1275
1999
-396
-1858
-412
-1424
45
22
335
1248
-897
1847
-1240
-35
268
1117
1215
-1965
-962
471
-250
1263
-351
1349
-1176
-2040
1565
1674
-286
1907
1909
1575
-1495
91
1740
-332
-577
-1978
-1035
-1774
-862
-1694
-1241
1838
-964
930
1752
1248
-954
-1969
-1182
-1383
-687
450
266
-1626
-1882
1313
-662
1455
-2007
1923
-1923
-1252
-1809
-904
1632
-514
-197
-163
588
-1688
-365
1407
860
666
1165
618
29
-8
295
1087
328
-205
808
-1589
141
670
-1167
-26
-1023
-1745
1461
2
742
212
403
1374
-873
-240
602
-1351
1537
1833
-1899
-485
-310
514
949
1152
-1454
1779
1754
760
1456
410
1812
-270
-220
-993
1555
878
1936
442
2008
1233
785
-1745
-484
-1832
-1823
697
9
1163
-96
379
303
-530
-383
939
1554
-1340
-2037
-1641
333
651
-214
1757
-60
1303
837
1494
1720
895
-1028
138
612
1323
-1741
-211
-69
-347
-1975
1963
-2023
-1082
-1294
1543
391
-1248
-1908
279
590
1058
-382
-1143
608
-558
143
-851
393
1938
1394
-1840
1245
509
-1842
-820
-1480
288
1758
-892
-923
-491
738
-14
-319
-1663
1154
1671
727
-840
1372
1154
1752
812
782
-1563
1908
489
1683
-308
-1046
-338
-599
-812
-294
1140
-314
-1749
691
-239
-873
-240
-957
886
-1700
1646
-1493
1681
1826
-445
-1034
35
-668
-406
1900
890
-1873
174
1758
949
1335
-860
1800
1315
224
-509
1884
-1641
-679
-1711
-1204
307
1836
-417
1845
1440
616
1130
-33
260
-1695
1928
-308
-329
1651
-1277
-1391
-191
-649
89
-656
1373
1356
-330
314
-596
-353
579
753
-332
36
1889
-780
-1256
-670
294
605
-1170
-1960
1796
597
403
-1272
317
1504
807
346
1984
1800
1220
-2009
835
-1042
-1071
499
-990
-903
-1941
-418
-305
1401
1351
-897
-1658
1965
1819
-691
719
-628
313
1660
1211
-403
307
680
1097
468
-237
1873
-1831
368
-1053
1429
824
1175
1081
1567
35
-1050
-1921
-736
-602
-80
-1931
-280
1876
3
-1031
-1556
-1813
204
-405
1737
745
-1811
-374
-1257
-1750
1755
119
1923
-332
-1628
-1142
1603
-270
-1876
-1642
-1513
-107
331
-1672
-1306
790
-856
630
-1898
-143
-890
565
-1892
-1867
-1560
-1305
-200
-1209
-1022
881
222
-673
-1462
1851
1166
-1152
-1978
-193
-1072
-109
1493
-1511
232
-405
-1374
1243
-1999
832
-179
569
-790
-784
845
-1611
-358
-870
-1574
1178
-172
356
1221
-1409
-42
-1791
2
-1363
510
-1886
-953
-866
1649
-466
965
-826
1534
1334
-127
1960
897
1929
-27
202
-259
-792
1918
-216
-379
-1612
601
1274
-580
-1993
188
1136
140
1065
-2036
-267
464
-962
-1952
-1837
654
-1727
414
1758
-1393
1705
-334
1995
1756
1065
-1649
1752
-236
1002
1735
408
1498
1348
857
1659
1435
1926
-1201
-568
1495
-885
-1027
-1366
499
-330
141
-478
1570
-1480
890
368
795
1294
-1117
-1619
1351
-604
1981
571
-2010
904
1753
2020
-1408
-1470
-1916
-1509
1078
387
-1201
1070
-1459
-1318
-886
-957
-1591
37
1948
354
-432
-1301
-15
-315
1279
1998
-1045
1438
-1978
-444
964
-1170
-679
-51
756
1600
-2000
-314
1714
-811
1625
-1996
118
-1011
-579
-1955
-258
-98
1946
-534
-865
1921
-810
-1249
-625
-17
995
238
1222
-651
-679
-1111
585
-1266
1925
1214
-1697
944
-499
-1632
-1654
-721
1509
757
237
1524
703
1124
-1345
892
-463
-2024
-1939
-1275
1429
1538
89
-1464
-192
656
-1882
494
906
-967
206
-160
696
-1048
-1820
-110
-996
1985
211
179
1868
1038
1726
1079
-979
-1578
1734
-249
567
1793
-1238
378
-1002
1976
1872
-792
-35
1138
1170
-1977
-1822
-852
812
461
-1111
451
-419
1811
188
471
-478
-1677
1808
-483
-669
87
-1382
1172
1838
1861
2002
187
-1597
275
244
714
-1552
1584
1364
-1676
-563
-90
2018
1409
277
-922
-704
-1193
554
-1346
1589
429
564
-1156
1859
-1640
-203
137
-1569
1823
-1369
1195
23
-368
-1172
1549
-133
1455
1442
-1717
917
1286
-205
1709
1305
140
916
-167
-485
-1126
1463
998
42
1987
-1394
615
-757
-1451
764
-710
-365
-5
2032
-1905
1669
648
1824
-1985
-1270
76
-1192
923
88
197
1746
246
-881
-410
654
1662
-506
-1786
244
-1469
-1760
197
-288
1747
-488
1289
-1682
1669
913
-201
-1165
674
-361
-785
300
140
-856
-1676
-786
596
171
479
865
-887
-182
-1033
574
-298
891
782
-35
-1712
-5
-1270
-357
993
-462
1222
-1379
-1593
1908
-1036
1184
1674
298
450
-1892
-391
123
1118
-1343
2024
1641
-346
444
1889
213
2033
186
-1028
-1745
1959
-14
1511
1410
-1003
-411
-841
-851
120
907
1792
-1511
-1572
911
329
-1509
-440
1219
-619
844
1596
292
402
-570
1023
-1431
1272
1214
-1952
880
-585
-1160
-1855
-574
953
-1566
1557
1439
507
495
104
935
1655
-1514
-344
1639
-313
1449
-392
712
-1272
2
-1113
1510
-819
-1348
-1285
-236
949
-1006
7
1191
1393
1510
448
607
-1336
-1508
-656
-1050
1890
-779
957
-1468
-483
584
1948
1774
-177
-490
653
786
-1265
-730
-484
1483
-808
1688
-458
-2025
628
728
1032
254
-1091
191
-747
234
-794
-612
-471
1667
-1759
191
1530
1047
1811
1872
-240
2046
-750
-1789
1151
1746
-391
-1439
-1647
530
60
-637
-137
496
1543
-603
331
1262
1479
-400
-1633
1032
-1215
938
376
1545
361
491
1152
-1842
831
1291
473
781
422
1287
-636
-634
-2001
-518
480
-525
1605
-1049
-741
-1331
-327
1790
515
-1462
-1295
-1766
63
-1173
-1064
244
837
951
-511
1058
1035
-1938
685
-999
1257
1446
-1141
1841
-1146
619
678
607
-1958
-998
1155
-1015
1946
-6
-575
-771
819
1461
-1488
13
-1703
-1723
-255
-763
1951
-244
1444
1948
1588
-1807
-1754
-173
-1351
-269
920
-1923
1714
-1514
1395
924
302
-976
-948
889
1810
-1164
-1328
-343
-1493
1080
-86
1359
576
-38
1252
-60
69
-1223
-608
1703
-269
947
926
350
-1847
-720
664
846
1783
-44
-1349
-802
-1784
-1959
53
158
181
349
-1651
-1641
-1533
-1873
-1499
-1258
722
-268
771
-254
543
-851
-197
798
-1511
768
-562
538
-725
-1228
1715
264
-1671
837
1198
1516
-1420
682
-1630
-2004
-939
-635
-240
1875
-1757
-1719
139
319
739
354
-1616
-1044
-1337
1676
-694
1003
212
-120
1938
-980
1023
-527
-1800
1907
1558
1491
802
188
878
699
-463
675
-1570
218
1895
-1288
1727
-747
1903
741
-60
-1403
-1649
141
1531
-1988
-1632
655
-202
-543
-1396
622
-781
495
723
1615
1268
-2003
-1799
1751
-1305
789
1356
-1569
1752
-256
-1253
-367
94
-1670
1670
972
447
953
-1760
-679
819
-1331
-1385
-1897
-1628
-1010
-127
-627
185
-1836
931
1225
1004
1987
418
1775
1581
-323
-606
1664
1011
-1094
1181
179
1865
-76
-470
-531
420
-1549
-1485
1690
-1270
-365
142
-737
611
-262
1014
-1690
1689
1746
1569
-254
-997
-926
1712
596
-370
-338
672
-635
-1424
-1929
1502
500
1566
-1444
-810
-277
-454
-1248
-146
518
1222
-1897
-1172
599
-228
-9
-90
670
-1560
71
1518
901
1871
1417
1346
-1417
1713
1885
511
-592
427
461
-574
617
1603
-1312
1198
1438
448
960
461
1067
-1051
25
21
770
-440
-1468
-1541
1053
-132
1815
1296
216
1443
-2030
909
-410
58
1596
313
-742
1191
-767
-615
-215
1389
1800
253
-107
1916
-929
1567
-514
1411
-1000
-518
-14
-826
-1918
-109
1161
-1211
-1969
370
744
739
-1134
1627
-1960
304
-206
781
1709
1918
1399
-334
-58
-1249
1656
-1104
1666
301
1796
649
-1459
1527
195
1160
-635
-1201
576
1988
968
1463
-1660
-1437
154
-995
2030
1674
-1252
-1652
-1508
-766
1957
-790
-1464
1995
986
-478
43
723
-553
-885
-816
1028
-1202
1594
-757
-1859
302
1014
-1672
-1504
-1915
348
1646
1554
-1728
1301
726
1677
-88
-1874
81
-803
-754
-1094
-1113
668
125
-1515
2031
-477
39
-1843
-1187
989
-2026
-1669
-2031
-1394
-269
-76
-2044
986
-607
65
-413
1823
538
-553
-705
2030
656
742
-1495
-466
317
1118
-1924
332
-566
1243
-1034
1141
-827
-985
597
-711
-1512
649
-333
-1410
1764
-1070
-723
-655
-54
-1658
451
516
993
-2014
225
202
394
1781
-921
-57
-1689
1640
-1071
1018
1108
1070
572
334
1320
-1717
239
650
-1366
-1681
263
-240
683
-130
-1242
5
-1301
-302
-108
675
-1990
-780
-566
337
-1809
900
1488
-1727
769
1538
-1443
-454
-1346
781
1572
-1454
-1405
1251
866
801
130
213
-31
-1455
762
320
1156
-1286
1960
478
747
452
1844
521
1987
-1715
301
-855
-859
116
351
371
-5
-880
794
1860
1507
1220
-1233
-1247
117
158
-709
-1119
-1467
-180
-742
-895
-1584
-1699
-1800
-1550
126
-1388
1245
-161
1003
-621
-922
356
-1005
-249
-1249
1692
-715
-1540
-1908
1775
8
-1253
59
1315
1778
1141
-1334
596
-1292
1941
-1953
1789
1772
1908
-1667
-1702
1046
29
-341
1189
1566
-616
970
298
457
2008
1963
-1917
1206
1386
-853
-521
248
609
-1300
-362
-1229
1393
-1785
-1875
1509
-1847
-1103
1625
179
-1982
-1753
755
-486
730
-1788
-302
-374
-1825
1334
341
-1166
-869
-820
1213
-1828
1863
1299
906
116
-43
555
-1261
1165
-716
-1236
774
1488
-1539
-1270
1422
606
-1296
-1373
-83
256
1571
-833
-622
1819
1151
165
686
1059
820
-1013
-1778
-1758
1770
-1814
-81
-233
-433
31
-1093
-1294
-594
1362
-1032
-1632
-1705
1264
-1416
-1259
100
224
1016
-285
1463
1191
-1838
276
172
1455
1773
509
-1183
75
-1851
-78
36
-441
175
973
976
-104
1188
1095
1702
-1542
-1606
497
377
3
-1210
-1182
187
-880
1373
1772
-1219
-1285
1591
627
-473
273
1589
907
1042
-1212
598
-286
-1864
1994
167
-1687
1791
-1639
619
525
-1215
1910
947
-344
-235
-1941
1035
698
194
-1634
-19
742
948
1757
-339
904
964
-1496
1173
-680
267
753
1239
-343
1499
537
-1281
-1019
1192
721
-95
-318
1896
1418
-2045
-939
1620
-671
-963
-764
1915
-834
-1085
1199
1297
-1549
975
-919
1011
107
1929
1889
74
-210
1393
-1490
450
336
485
1696
1335
-1748
-1451
-1169
1385
721
225
454
-1935
-332
-993
0
929
222
646
959
931
-575
1408
624
566
-1793
-1154
-1367
-103
1817
1264
-710
268
-364
991
146
579
311
-1643
-729
860
585
-1465
-634
-1761
-1470
604
-1819
287
1203
1266
-1367
1951
326
1882
1479
-1886
-994
-1723
-357
511
-339
1337
451
-1967
1411
313
-1274
-1019
956
744
-1403
-1867
-1837
1864
847
1051
-1674
-1667
-1592
-361
-1997
74
1168
676
1650
1590
-287
-673
677
-1118
1700
1360
1066
-302
-660
409
452
396
-384
-298
-1228
-37
-1745
-1101
-1367
1973
-1632
687
-306
-675
1835
732
-1525
989
-1344
1326
-90
-598
-1039
-2000
922
1219
-81
1953
-594
1621
-267
489
-900
-1726
-1950
-1859
318
874
-1201
1777
-1810
-638
1825
286
859
190
1407
637
1328
1671
522
1059
-724
-636
-390
2020
410
970
-621
-819
1689
518
-1071
-329
-1588
-248
-1951
-291
-966
-99
-738
-283
-222
590
69
1076
1087
700
1683
1337
-419
-969
-1940
-433
-1337
-172
-1848
2027
-1943
-1474
-1880
1004
-724
-197
-617
872
1625
354
-498
772
-852
-1302
598
1865
168
-786
1192
-316
41
1102
1828
-1146
386
-1187
617
474
-728
-1049
-1173
1472
-1436
399
-1220
-790
-24
2025
-120
1760
1229
-993
1617
-1755
-1330
1483
963
-1859
1602
1750
-853
1823
1241
-565
-932
1032
-166
637
-1872
475
-145
193
702
1653
-495
166
-233
-535
-1236
-2007
-1010
241
-1199
-555
-1807
-815
1033
59
-844
1574
-1129
440
1754
-856
-858
1119
320
291
-1318
-595
1397
-1076
176
1450
1128
-973
-1132
336
-1285
-1831
1694
930
-1476
-27
260
-660
1536
1730
-1923
-213
-1920
588
-859
-794
1416
-714
-1043
-97
1102
-408
1719
-1020
536
-763
367
548
-808
-1102
-1488
1481
30
231
704
-1238
-1204
-522
-1128
-104
889
603
-1936
519
6
1346
848
-1311
-965
-1360
-347
-272
1251
1562
752
1324
1156
-1976
287
747
-833
451
-566
-451
1972
15
1625
545
-2012
1749
-848
-936
-1369
796
478
-1981
1845
502
1251
1751
-723
125
1488
-227
201
1724
-1474
-288
-827
-1220
-1113
-132
1691
-1838
1128
-452
106
-885
-1013
1045
-307
-720
-137
1143
1449
-1487
-518
1726
-1408
-1113
-124
-1494
1749
-1776
1287
-54
432
-1921
-106
606
630
1001
1749
-115
-966
-430
946
585
-1055
-424
-67
-1496
0
25
1560
1809
-764
-1054
-355
-662
-930
-1178
1971
475
360
850
-16
-1799
-1357
704
-1096
505
597
1602
-6
145
-987
-1962
1646
1367
-973
1211
-975
147
-870
167
1857
1805
1287
1313
-1065
-862
725
1437
1503
1060
-949
-1979
1981
132
1487
419
-1378
-371
-1097
411
-1722
-1218
-200
-1281
-1529
1599
373
-1086
-1929
-966
801
1883
-1121
157
-1174
265
358
-1337
1268
-111
973
1511
-1121
90
-1859
-84
375
-1163
-1787
-765
-509
1578
1886
-1794
1553
-505
-1023
-691
1848
436
1386
17
-696
-1612
-1190
-319
1194
-428
-962
-1610
-1965
1228
-1495
51
1467
-1765
1982
-1915
-515
1589
488
-1072
1596
-1391
-284
-1668
1696
570
1925
431
514
-854
-1213
688
-668
-102
-1117
194
-1614
1245
2041
-953
-374
-835
-519
1474
185
-1403
-75
-1149
-1253
-732
-1013
-1928
-889
332
472
-2015
-1640
1788
740
-241
-815
-9
1787
970
-1033
-1804
-985
-66
1330
-1231
-910
-1071
708
25
-471
-1920
-31
-857
-237
-777
1398
1575
1893
1288
400
-439
-709
397
2028
-58
-763
-1289
1690
441
2026
430
1322
789
1172
1046
323
-1037
-1245
-602
1842
-391
260
-260
308
-754
1379
-1392
1056
1895
-1345
-606
-979
-944
1649
-1751
-1939
-1634
-1292
-1436
-45
83
-717
-310
1618
-430
542
-1276
1229
-1165
-829
-1897
652
955
441
-1539
-1290
1099
198
214
1551
-838
272
-533
1726
655
-1826
-372
-739
165
1370
1851
2016
2024
835
1825
-1172
869
1268
-1023
276
-731
-332
-1427
-618
-607
-556
-1553
-1770
-1154
-1179
180
-91
-727
1823
1687
-820
-1501
837
784
215
1427
1546
1494
-1366
2020
358
1502
-872
-1782
-567
-421
-203
-1760
140
-653
149
308
703
1132
-1339
442
-1796
1259
-2009
116
-1809
750
-1944
894
1384
-174
1210
816
1392
-1416
-507
-1926
1836
-1339
-1116
-1689
-1204
-341
-604
415
400
-531
224
92
-1201
-1597
-22
424
1109
1949
1859
1171
-195
-451
-58
-1017
-649
-1885
-592
987
-2018
-311
-185
21
-1535
-81
389
1948
1967
1110
-594
-1911
-456
-97
-428
-174
-723
-1437
1701
1771
-808
1992
667
816
-751
-1696
687
889
1417
1678
483
1799
-963
1895
188
-1802
659
-485
-1058
1345
1579
1809
250
1243
-600
838
209
-1502
1641
-914
-1838
945
1001
-312
-1232
1833
-724
60
-2037
386
308
-1940
1616
1724
1822
-1697
1834
1684
-1421
1184
-1422
2013
114
1114
1800
-1975
-200
-990
1479
-1490
-1285
306
-1666
1575
-1390
1485
-1302
530
-107
-179
-1202
-1231
-1288
-1346
-965
-743
697
-98
1871
-1223
-1679
-904
-847
-400
1081
1276
-1356
1178
2031
1381
-592
-1106
555
-1360
627
-507
-292
-1165
541
435
1807
-1773
-1518
-1934
447
-819
-343
-1588
-1252
136
866
-666
823
-272
-203
1767
182
657
-89
329
11
1994
-1658
812
1074
263
439
510
-1684
-1754
1290
1416
1700
-1126
384
-1633
1648
1564
-16
1945
-1033
878
-1900
-663
1220
-1286
-1728
944
1055
-769
-17
237
113
-253
-1968
780
1952
-2027
1796
1367
-1294
-1869
-1704
1092
-228
1536
-1052
-782
-1697
-1039
1835
481
-481
1545
-889
-1325
479
-1377
-1478
292
-1745
-10
-1682
1730
63
-197
1183
258
-276
1233
337
-686
-1614
-1595
910
334
-902
-527
-488
1035
1991
1729
-573
-1517
1288
514
-1311
-1544
675
-1910
1845
-1258
1175
-1930
-1186
-978
574
-1376
528
-1127
1508
754
-950
1713
-257
1888
1194
576
904
1308
1298
-1677
-1689
1996
-800
-720
-950
619
695
-1677
252
1404
-1931
582
664
-1462
978
1587
619
1751
-1341
-83
-188
-1454
-558
-1206
1212
-656
1930
1131
-173
-310
870
1548
-551
-376
-1285
-1709
1300
-1718
1057
1951
1575
-546
1746
500
1127
1417
-709
-1277
883
650
-799
-524
540
1137
905
1891
737
-467
-390
595
-351
1346
-322
1708
-1480
-474
-1709
807
963
1286
-598
-2006
-1995
-215
-1690
1358
-574
-992
-1062
1896
-971
-1317
-2017
115
1895
524
74
-164
-779
1972
165
-1740
381
-152
-680
387
1669
790
365
-1162
-692
1535
-1582
-1678
1914
-647
732
-774
607
1846
-1201
1118
1338
226
-1225
12
1915
128
-1628
1289
-119
-1658
1961
-392
1717
1565
909
-1110
-1217
-1911
669
1167
1219
1020
-874
-1497
-975
-1784
-230
1161
895
-813
-1009
-898
1606
-191
366
-1552
1937
-162
1370
-690
-568
-1549
-756
1346
-1704
-1571
341
-358
-314
-540
-131
2020
-1816
944
236
-324
976
935
163
-2029
-674
1339
234
387
969
-115
21
1313
1856
1498
1781
1418
-279
-1105
1970
1007
-469
-2012
-69
-584
756
-945
-1172
-1161
395
-961
1603
1765
-337
1613
-469
-1646
1205
141
-884
468
-924
-37
1024
2046
-506
-1946
-721
-1746
-1098
841
-1670
-1653
321
256
-415
-1079
660
-978
-2025
1878
-721
-846
-508
802
-661
1669
6
1661
1095
-981
-271
-518
1634
-1986
-240
-582
-1864
-501
-137
1821
-1018
-843
-871
848
873
-877
261
118
-287
-1375
748
-1226
-407
388
-1781
-1486
-395
-1026
-580
-696
-1451
-1978
755
-479
-690
64
1449
-1067
1809
1550
-1156
1874
1092
179
310
571
1969
126
-767
-556
-767
-253
687
971
-1673
-1502
1326
-363
-1133
1528
-1165
713
1558
-677
-1077
1944
-172
1136
-958
1959
-1739
-670
671
66
749
-1424
-1307
117
234
1401
1725
1488
911
110
1250
114
435
-422
-1337
1047
1875
223
1916
2011
1363
439
636
604
-1317
-1063
1228
-1050
-745
1049
1923
-919
-498
-788
-488
1757
-218
-823
-184
-53
-2018
-1221
-1196
-1902
1820
1005
-1512
1353
-1374
-1101
2009
-310
458
-268
879
-378
-1034
-647
-942
-498
-998
768
-1154
-59
190
-1913
-590
648
-716
1461
445
-515
-861
1655
-1640
291
977
1037
-1818
-1794
555
-624
1964
206
-322
1906
-1055
-1579
-1557
1490
-1960
1016
-1925
265
-998
-673
-1871
124
-1924
-1472
-474
798
216
778
-754
-1669
653
573
-1647
210
-21
1991
-1027
-1231
1219
927
1646
-1046
1891
1323
1197
-920
1138
-1705
-1321
-1833
160
-833
925
104
1701
1022
-1326
234
1130
1914
-833
329
1504
-889
-201
-1341
-1953
394
1253
-913
-746
-283
1954
209
-662
-1509
616
-1744
-61
1314
-80
-462
1938
-140
-807
446
1868
-1412
-182
-1649
1758
-196
1025
1584
-639
-327
-442
1617
-1685
738
1554
443
-961
442
797
1016
-328
74
-783
-1501
-1430
-200
1253
918
1067
1681
-1344
339
-523
665
-1948
-1141
696
-228
-614
310
-1243
-1243
93
353
1460
-1350
633
-1618
-1783
-1994
-1754
502
749
785
-178
-1865
789
1469
1849
-82
-1059
-1995
-958
1236
6
248
305
-275
19
592
1075
413
1487
-719
-831
-1856
-1825
-74
1121
1643
736
214
1788
-1104
1539
1765
824
-167
1149
695
-48
713
972
1266
1632
80
600
-152
142
-1326
548
-9
-11
611
1870
-298
1488
-604
1274
1481
-1304
838
-154
540
1132
-1067
1485
-281
-355
-260
738
375
422
-917
-411
-651
431
-1105
1703
619
1676
-1313
1209
139
1003
-57
-1610
-476
1680
-1225
28
938
1905
-1499
2004
-8
316
-926
-140
595
274
1157
-1652
1061
1826
189
-1858
2011
1999
-1995
-1761
-320
-1526
1224
-1604
882
-1122
-833
1245
700
38
-1013
459
-1966
-1216
-1785
1691
330
690
-987
-776
530
357
-413
-1974
-1724
-116
-482
-2003
1366
244
1539
-570
-301
1558
-556
1699
1142
-1923
-1917
-1039
858
1875
-95
136
119
1238
1933
1228
1392
281
1074
694
-463
-1261
498
243
286
-893
655
1982
1941
354
-1632
-487
-1974
1936
73
527
323
-148
1024
-1319
-1206
511
-26
-178
-986
-614
-899
1955
-1608
1336
-654
-795
-1188
-1083
279
1262
865
-113
328
1468
1612
1773
351
1654
377
-1388
262
300
-275
1600
1900
972
-21
1199
1714
-1265
1053
1840
807
-504
-287
1499
1552
-753
-1943
217
-79
679
1160
1940
-2007
293
1205
1660
-1280
938
1779
2036
1266
1349
-153
323
1969
-817
1587
10
848
-1993
-143
-1760
266
-509
-346
1358
1807
1944
975
1247
-1769
782
-1179
-416
1337
1838
1806
-1658
-1772
101
248
724
1664
-1729
1805
168
-1030
-730
-1995
-424
-15
40
-1811
-466
-1225
589
305
-291
-1606
324
305
-744
1439
1826
1687
1555
-966
204
-2018
-1137
-1905
706
-1792
1547
-1227
-242
547
-488
804
-1309
-1400
255
1842
-315
1189
511
-1059
1990
678
1103
-733
-855
-304
1772
33
1385
545
1722
-1011
37
-346
1965
1595
-1593
-205
441
-1768
-693
-1457
-1495
-1700
-1951
483
-500
-1625
-33
1401
-380
1993
-1287
-1893
-1159
-1103
1970
-1262
1411
-1171
1902
-818
-1087
1092
-482
757
1551
1101
-1317
-13
-1860
-954
-864
-1003
-1564
-648
445
-1900
-602
831
-826
646
-1668
1001
1422
1941
-1117
146
-1744
-1533
-211
1995
1867
-574
362
-1369
1997
1120
-1683
-55
-170
-1705
-467
-921
1362
-921
1089
1686
-1428
1009
1941
234
-1599
-848
502
-1340
-1047
-1891
-1249
-695
-451
-1322
-1304
-1906
-735
-1547
615
152
-1010
-324
-884
1552
501
164
750
556
-829
-488
-80
-1643
-1381
-1545
203
1526
910
1051
-548
503
-1403
-353
-838
-228
2004
-674
-535
-1675
-876
-1610
1346
-1863
-1817
-31
-54
-1427
-926
2012
801
-804
740
1887
-122
-383
-825
1700
-1838
420
-788
-579
1880
-54
908
-1017
-697
1184
-1968
1942
-1773
1092
597
-475
-1559
-949
-1762
-718
1682
-1160
1190
820
934
1980
-54
1884
401
1583
-1224
412
1873
1185
-1016
-1855
-1417
148
-935
-1997
276
831
210
-1245
1655
1600
417
1720
1826
193
432
-1775
1250
-1875
-1342
-364
-98
-82
279
-1134
-1137
-77
-645
908
-1633
1669
-2035
1053
645
-939
-1309
1265
374
-857
-281
-1342
1759
1444
442
1727
-2011
-704
-167
-1944
-825
2019
1548
787
1512
-1900
1937
1375
-1877
-559
1509
-1090
33
