670
1847
1444
1025
604
-636
-1361
-932
-1976
-2172
-1723
-2094
-1335
-1096
-774
-53
179
1489
2124
2267
2220
1627
897
969
1204
284
-832
-1649
-2138
-2363
-2165
-2127
-2029
-1711
-665
97
551
357
901
2137
1880
1433
2758
1708
921
-8
-698
-240
-2083
-1566
-1807
-1668
-1697
-376
-131
-701
778
1471
1577
2035
2647
2051
2438
789
421
-121
-416
-1014
-1226
-1671
-1900
-1627
-1042
-831
-1383
-403
-252
2070
1502
1910
1233
1593
2092
710
1436
-682
-1203
-1007
-2356
-3083
-1819
-2499
-1889
-1427
-64
70
659
1288
714
1667
2078
1774
1335
1257
-527
-963
-740
-2020
-1940
-2178
-2206
-1819
-1624
-835
-707
499
1009
1303
2547
1903
2275
2001
2262
608
220
-143
-694
-1290
-1883
-2340
-2749
-2693
-1299
-2165
-492
31
845
711
1767
1951
2426
1670
2511
1695
719
13
-1068
-925
-1406
-1557
-2056
-1531
-1936
-1921
-1101
679
930
631
1544
2103
1925
2671
1634
1058
377
-202
-686
-2142
-1260
-2025
-1293
-1428
-2191
-946
-1125
-477
468
531
1133
2016
1453
1219
2308
1681
1154
242
-665
-598
-890
-2185
-1116
-2713
-2389
-1473
-873
234
962
878
2094
2268
1381
